AC	1	1	1	240	0	240	128	0	0	128	128	0	0	0	0	0	0	0	0	0	0	0	0	
AC	1	1	1	248	122	248	128	0	0	128	128	0	0	0	0	0	0	0	0	0	0	0	0	
AC	2	1	1	248	0	248	128	0	0	128	128	0	0	0	0	0	0	0	0	0	0	0	0	
AC	2	1	1	248	0	248	128	0	0	128	128	0	0	0	0	0	0	0	0	0	0	0	0	
AC	2	1	1	240	0	240	128	32	0	128	128	0	0	0	0	0	0	0	0	0	0	0	0	
AC	2	1	1	248	122	248	128	32	0	128	128	0	0	0	0	0	0	0	0	0	0	0	0	
AC	2	1	1	248	122	248	128	32	0	128	128	0	0	0	0	0	0	0	0	0	0	0	0	
AC	2	1	1	240	0	240	128	0	0	128	128	0	0	0	0	0	0	0	0	0	0	0	0	
AC	2	1	1	248	122	248	128	0	0	128	128	0	0	0	0	0	0	0	0	0	0	0	0	
AC	2	1	1	248	122	248	128	32	0	128	128	0	0	0	0	0	0	0	0	0	0	0	0	
AC	2	1	1	248	122	248	128	0	0	128	128	0	0	0	0	0	0	0	0	0	0	0	0	
AC	2	1	1	248	122	248	128	32	0	128	128	0	0	0	0	0	0	0	0	0	0	0	0	
AC	3	1	1	240	0	240	128	0	0	128	128	0	0	0	0	0	0	0	0	0	0	0	0	
AC	2	1	1	254	0	254	128	0	0	128	128	8	0	0	0	0	0	0	0	0	0	0	0	
AC	2	1	1	248	122	248	128	0	0	128	128	0	0	0	0	0	0	0	0	0	0	0	0	
AC	2	1	1	248	122	248	128	0	0	128	128	0	0	0	0	0	0	0	0	0	0	0	0	
AC	2	1	1	248	122	248	128	0	0	128	128	0	0	0	0	0	0	0	0	0	0	0	0	
AC	2	1	1	252	0	252	128	0	0	128	128	0	0	0	0	0	0	0	0	0	0	0	0	
AC	2	1	1	252	0	252	128	0	0	128	128	0	0	0	0	0	0	0	0	0	0	0	0	
AC	2	1	1	248	122	248	128	0	0	128	128	0	0	0	0	0	0	0	0	0	0	0	0	
AC	2	1	1	248	122	248	128	0	0	128	128	0	0	0	0	0	0	0	0	0	0	0	0	
AC	2	1	1	248	122	248	128	0	0	128	128	0	0	0	0	0	0	0	0	0	0	0	0	
AC	2	1	1	248	122	248	128	0	0	128	128	0	0	0	0	0	0	0	0	0	0	0	0	
AC	2	1	1	248	122	248	128	0	0	128	128	0	0	0	0	0	0	0	0	0	0	0	0	
AC	2	1	1	240	0	240	128	0	0	128	128	0	0	0	0	0	0	0	0	0	0	0	0	
AC	1	1	1	252	0	252	128	0	0	128	128	0	0	0	0	0	0	0	0	0	0	0	0	
AC	2	1	1	248	122	248	128	0	0	128	128	0	0	0	0	0	0	0	0	0	0	0	0	
AC	2	1	1	248	122	248	128	0	0	128	128	0	0	0	0	0	0	0	0	0	0	0	0	
AC	2	1	1	248	122	248	128	0	0	128	128	0	0	0	0	0	0	0	0	0	0	0	0	
AC	2	1	1	248	122	248	128	0	0	128	128	0	0	0	0	0	0	0	0	0	0	0	0	
AC	2	1	1	248	122	248	128	0	0	128	128	0	0	0	0	0	0	0	0	0	0	0	0	
AC	2	1	1	248	122	248	128	0	0	128	128	0	0	0	0	0	0	0	0	0	0	0	0	
AC	2	1	1	248	122	248	128	0	0	128	128	0	0	0	0	0	0	0	0	64	0	0	0	
AC	3	1	1	254	0	254	128	0	0	0	128	8	0	0	0	0	0	0	0	0	0	0	0	
AC	2	1	1	240	0	240	128	0	0	128	128	0	0	0	0	0	0	0	0	0	0	0	0	
AC	2	1	1	240	0	240	128	0	0	128	128	0	0	0	0	0	0	0	0	0	0	0	0	
AC	2	1	1	248	122	248	128	0	0	128	128	0	0	0	0	0	0	0	0	0	0	0	0	
AC	2	1	1	248	0	248	128	0	0	128	128	0	0	0	0	0	0	0	0	0	0	0	0	
AC	2	1	1	248	122	248	128	0	0	128	128	0	0	0	0	0	0	0	0	0	0	0	0	
AC	2	1	1	254	0	254	128	0	0	128	128	8	0	0	0	0	0	0	0	0	0	0	0	
AC	2	1	1	252	0	252	128	0	0	128	128	0	0	0	0	0	0	0	0	0	0	0	0	
ATC	2	1	1	248	122	248	128	0	0	0	128	0	0	0	0	0	0	0	0	0	0	0	0	
ATC	2	1	1	4	13	4	128	32	0	0	128	0	0	0	0	0	0	0	0	0	0	0	0	
ATC	2	1	1	252	0	252	128	0	0	0	128	0	0	0	0	0	0	0	0	0	0	0	0	
ATC	2	1	1	252	0	252	128	0	0	0	128	0	0	0	0	0	0	0	0	0	0	0	0	
ATC	2	1	1	252	0	252	128	0	0	0	128	0	0	0	0	0	0	0	0	0	0	0	0	
ATC	2	1	1	248	122	248	128	0	0	0	128	0	0	0	0	0	0	0	0	0	0	0	0	
ATC	2	1	1	0	0	0	128	0	0	0	128	0	0	0	0	0	0	0	0	0	0	0	0	
ATC	2	1	1	0	0	0	128	0	0	0	128	0	0	0	0	0	0	0	0	0	0	0	0	
ATC	2	1	1	4	13	4	128	0	0	0	128	0	0	0	0	0	0	0	0	0	0	0	0	
ATC	2	1	1	248	122	248	128	0	0	0	128	0	0	0	0	0	0	0	0	0	0	0	0	
ATC	2	1	1	248	122	248	128	0	0	0	128	0	0	0	0	0	0	0	0	0	0	0	0	
ATC	2	1	1	252	0	252	128	32	0	0	128	0	0	0	0	0	0	0	0	0	0	0	0	
ATC	2	1	1	236	0	236	128	0	0	0	128	0	0	0	0	0	0	0	0	0	0	0	0	
ATC	2	1	1	252	0	252	128	0	0	0	128	0	0	0	0	0	0	0	0	0	0	0	0	
ATC	2	1	1	248	122	248	128	0	0	0	128	0	0	0	0	0	0	0	0	0	0	0	0	
ATC	2	1	1	248	122	248	128	0	0	0	128	0	0	0	0	0	0	0	0	0	0	0	0	
ATC	2	1	1	248	122	248	128	0	0	0	128	0	0	0	0	0	0	0	0	0	0	0	0	
ATC	1	1	1	252	0	252	128	0	0	0	128	0	0	0	0	0	0	0	0	0	0	0	0	
ATC	2	1	1	4	13	4	128	0	0	0	128	0	0	0	0	0	0	0	0	0	0	0	0	
ATC	2	1	1	248	122	248	128	0	0	0	128	0	0	0	0	0	0	0	0	0	0	0	0	
ATC	2	1	1	252	0	252	128	0	0	0	128	0	0	0	0	0	0	0	0	0	0	0	0	
ATC	2	1	1	0	0	0	128	0	0	0	128	0	0	0	0	0	0	0	0	0	0	0	0	
ATC	2	1	1	252	0	252	128	0	0	0	128	0	0	0	0	0	0	0	0	0	0	0	0	
ATC	2	1	1	252	0	252	128	0	0	0	128	0	0	0	0	0	0	0	0	0	0	0	0	
ATC	2	1	1	4	13	4	128	0	0	0	128	0	0	0	0	0	0	0	0	0	0	0	0	
ATC	2	1	1	248	122	248	128	0	0	0	128	0	0	0	0	0	0	0	0	0	0	0	0	
ATC	2	1	1	248	122	248	128	0	0	0	128	0	0	0	0	0	0	0	0	0	0	0	0	
ATC	2	1	1	0	0	0	128	0	0	0	128	0	0	0	0	0	0	0	0	0	0	0	0	
ATC	2	1	1	4	13	4	128	0	0	0	128	0	0	0	0	0	0	0	0	0	0	0	0	
ATC	2	1	1	0	0	0	128	0	0	0	128	0	0	0	0	0	0	0	0	0	0	0	0	
ATC	2	1	1	254	0	254	128	0	0	0	128	0	0	0	0	0	0	0	0	0	0	0	0	
ATC	2	1	1	254	0	254	128	0	0	0	128	0	0	0	0	0	0	0	0	0	0	0	0	
ATC	2	1	1	0	0	0	128	0	0	0	128	0	0	0	0	0	0	0	0	0	0	0	0	
ATC	2	1	1	125	0	125	128	0	0	0	128	0	128	0	0	0	0	0	0	0	0	0	0	
ATC	2	1	1	125	0	125	128	0	0	0	128	0	128	0	0	0	0	0	0	0	0	0	0	
ATC	2	1	1	248	122	248	128	0	0	0	128	0	0	0	0	0	0	0	0	0	0	0	0	
ATC	3	1	1	0	32	0	128	0	0	0	128	0	0	0	0	0	0	0	0	64	0	0	0	
ATC	1	1	1	248	122	248	128	0	0	0	128	0	0	0	0	0	0	0	0	0	0	0	0	
ATC	1	1	1	248	122	248	128	0	0	0	128	0	0	0	0	0	0	0	0	0	0	0	0	
ATC	2	1	1	248	122	248	192	0	0	0	128	0	0	0	0	0	0	0	0	0	0	0	0	
ATC	2	1	1	248	122	248	192	0	0	0	128	0	0	0	0	0	0	0	0	0	0	0	0	
ATC	2	1	1	248	122	248	192	0	0	0	128	0	0	0	0	0	0	0	0	0	0	0	0	
ATC	1	1	1	254	0	254	128	0	0	0	128	0	0	0	0	0	0	0	0	0	0	0	0	
ATC	2	1	1	252	0	252	128	0	0	0	128	0	0	0	0	0	0	0	0	0	0	0	0	
ATC	2	1	1	236	0	236	128	0	0	0	128	0	0	0	0	0	0	0	0	0	0	0	0	
ATC	2	1	1	236	0	236	128	32	0	0	128	0	0	0	0	0	0	0	0	0	0	0	0	
ATC	1	1	1	125	0	125	128	0	0	0	128	0	0	0	0	0	0	0	0	0	0	0	0	
ATC	2	1	1	252	0	252	128	0	0	128	128	0	0	0	0	0	0	0	0	0	0	0	0	
ATC	2	1	1	248	122	248	128	0	0	0	128	0	0	0	0	0	0	0	0	0	0	0	0	
ATC	2	1	1	125	0	125	128	0	0	0	128	0	128	0	0	0	0	0	0	64	0	0	0	
ATC	2	1	1	248	122	248	128	0	0	0	128	0	0	0	0	0	0	0	0	0	0	0	0	
ATC	2	1	1	236	0	236	128	0	0	0	128	0	0	0	0	0	0	0	0	0	0	0	0	
ATC	2	1	1	248	122	248	128	0	0	0	128	0	0	0	0	0	0	0	0	0	0	0	0	
ATC	2	1	1	252	0	252	128	0	0	0	128	0	0	0	0	0	0	128	0	0	0	0	0	
ATC	2	1	1	248	0	248	128	0	0	0	128	0	0	0	0	0	0	0	0	0	0	0	0	
ATC	2	1	1	248	0	248	128	0	0	0	128	0	0	0	0	0	0	0	0	0	0	0	0	
ATC	2	1	1	0	0	0	128	0	0	0	128	0	0	0	0	0	0	0	0	0	0	0	0	
ATC	2	1	1	254	0	254	128	0	0	0	128	0	0	0	0	0	0	0	0	0	0	0	0	
ATC	2	1	1	248	122	248	128	0	0	0	128	0	0	0	0	0	0	0	0	0	0	0	0	
ATC	2	1	1	252	0	252	128	0	0	0	128	0	0	0	0	0	0	0	0	0	0	0	0	
ATC	2	1	1	248	122	248	128	0	0	0	128	0	0	0	0	0	0	0	0	0	0	0	0	
ATC	2	1	1	236	0	236	128	0	0	0	128	0	0	0	0	0	0	0	0	0	0	0	0	
ATC	2	1	1	236	0	236	128	0	0	0	128	0	0	0	0	0	0	0	0	0	0	0	0	
ATC	2	1	1	125	0	125	128	0	0	0	128	0	0	0	0	0	0	0	0	0	0	0	0	
ATC	2	1	1	252	0	252	128	0	0	0	128	0	0	0	0	0	0	0	0	64	0	0	0	
ATC	2	1	1	248	122	248	128	0	0	0	128	0	0	0	0	0	0	0	0	0	0	0	0	
ATC	2	1	1	252	0	252	128	0	0	0	128	0	0	0	0	0	0	0	0	0	0	0	0	
ATC	1	1	1	252	0	252	128	0	0	0	128	0	0	0	0	0	0	0	0	0	0	0	0	
ATC	1	1	1	252	0	252	128	0	0	0	128	0	0	0	0	0	0	0	0	0	0	0	0	
ATC	2	1	1	0	0	0	128	0	0	0	128	0	0	0	0	0	0	0	0	0	0	0	0	
ATC	2	1	1	248	122	248	128	0	0	0	128	0	0	0	0	0	0	0	0	0	0	0	0	
ATC	1	1	1	252	0	252	128	0	0	0	128	0	0	0	0	0	0	0	0	0	0	0	0	
ATC	2	1	1	248	122	248	128	0	0	0	128	0	0	0	0	0	0	0	0	0	0	0	0	
ATC	2	1	1	0	0	0	128	0	0	0	128	0	0	0	0	0	0	0	0	64	0	0	0	
ATC	2	1	1	236	0	236	128	0	0	0	128	0	0	0	0	0	0	0	0	0	0	0	0	
ATC	2	1	1	236	0	236	128	0	0	0	128	0	0	0	0	0	0	0	0	0	0	0	0	
ATC	3	1	1	248	0	248	128	0	0	0	128	0	0	0	0	0	0	0	0	0	0	0	0	
ATC	2	1	1	248	0	248	128	0	0	0	128	0	0	0	0	0	0	0	0	0	0	0	0	
ATC	3	1	1	248	0	248	128	0	0	0	128	0	0	0	0	0	0	0	0	0	0	0	0	
ATC	2	1	1	0	0	0	128	0	0	0	128	0	0	0	0	0	0	0	0	0	0	0	0	
ATC	2	1	1	252	0	252	128	0	0	0	128	0	0	0	0	0	0	0	0	0	0	0	0	
ATC	2	1	1	252	0	252	128	0	0	0	128	0	0	0	0	0	0	0	0	0	0	0	0	
ATC	2	1	1	252	0	252	128	0	0	0	128	0	0	0	0	0	0	0	0	0	0	0	0	
ATC	2	1	1	254	0	254	128	0	0	0	128	8	0	0	0	0	0	0	0	0	0	0	0	
ATC	2	1	1	125	0	125	128	0	0	0	128	0	128	0	0	0	0	0	0	0	0	0	0	
ATC	1	1	1	4	13	4	128	0	0	0	128	0	0	0	0	0	0	0	0	64	0	0	0	
ATC	2	1	1	252	0	252	128	0	0	0	128	0	0	0	0	0	0	0	0	0	0	0	0	
ATC	2	1	1	248	122	248	128	0	0	0	128	0	0	0	0	0	0	0	0	0	0	0	0	
ATC	2	1	1	252	0	252	128	0	0	0	128	0	0	0	0	0	0	0	0	0	0	0	0	
ATC	2	1	1	248	122	248	128	0	0	0	128	0	0	0	0	0	0	0	0	0	0	0	0	
ATC	2	1	1	254	0	254	128	0	0	0	128	0	0	0	0	0	0	0	0	0	0	0	0	
ATC	2	1	1	248	122	248	128	0	0	0	128	0	0	0	0	0	0	0	0	0	0	0	0	
ATC	2	1	1	248	0	248	128	0	0	0	128	0	0	0	0	0	0	0	0	0	0	0	0	
ATC	2	1	1	254	0	254	128	0	0	0	128	0	0	0	0	0	0	0	0	0	0	0	0	
ATC	2	1	1	252	0	252	128	0	0	0	128	0	0	0	0	0	0	0	0	0	0	0	0	
ATC	2	1	1	125	0	125	128	0	0	0	128	0	0	0	0	0	0	0	0	0	0	0	0	
ATC	2	1	1	0	0	0	128	0	0	0	192	0	0	0	0	0	0	0	0	0	0	0	0	
ATC	2	1	1	252	0	252	128	0	0	0	128	0	0	0	0	0	0	0	0	0	0	0	0	
ATC	2	1	1	252	0	252	128	0	0	0	128	0	0	0	0	0	0	128	0	0	0	0	0	
ATC	1	1	1	252	0	252	128	32	0	0	128	0	0	0	0	0	0	0	0	0	0	0	0	
ATC	2	1	1	254	0	254	128	0	0	0	128	0	0	0	0	0	0	0	0	0	0	0	0	
ATC	2	1	1	252	0	252	128	32	0	0	128	0	0	0	0	0	0	0	0	0	0	0	0	
ATC	1	1	1	252	0	252	128	0	0	0	128	0	0	0	0	0	0	0	0	0	0	0	0	
ATC	2	1	1	0	0	0	128	0	0	0	128	0	0	0	0	0	0	0	0	0	0	0	0	
ATC	2	1	1	236	0	236	128	0	0	0	128	0	0	0	0	0	0	0	0	0	0	0	0	
ATC	2	1	1	252	0	252	128	0	0	0	128	0	0	0	0	0	0	0	0	0	0	0	0	
ATC	2	1	1	248	122	248	128	0	0	0	128	0	0	0	0	0	0	0	0	64	0	0	0	
ATC	3	1	1	248	122	248	128	0	0	0	128	0	0	0	0	0	0	0	0	0	0	0	0	
ATC	2	1	1	248	122	248	128	0	0	0	128	0	0	0	0	0	0	0	0	0	0	0	0	
ATC	2	1	1	248	122	248	128	0	0	0	128	0	0	0	0	0	0	0	0	0	0	0	0	
ATC	2	1	1	252	0	252	128	0	0	0	128	0	0	0	0	0	0	0	0	0	0	0	0	
ATC	2	1	1	248	0	248	128	32	0	0	128	0	0	0	0	0	0	0	0	0	0	0	0	
PADVC	2	1	1	0	4	0	128	0	0	0	128	0	0	0	0	0	64	0	0	0	0	0	0	
PADVC	2	1	1	4	13	4	128	0	0	0	128	0	0	0	0	0	128	0	0	0	0	0	0	
CMPADVC	2	1	1	4	13	4	128	0	0	0	128	0	0	0	0	0	128	0	0	0	0	0	0	
CMPADVC	2	1	1	0	4	0	128	0	0	0	128	0	0	0	0	0	64	0	0	0	0	0	0	
PADVC	2	1	1	0	4	0	128	0	0	0	128	0	0	0	0	0	64	0	0	0	0	0	0	
CMPADVC	2	1	1	0	4	0	128	0	0	0	128	0	0	0	0	0	64	0	0	0	0	0	0	
PADVC	2	1	1	0	4	0	128	0	0	0	128	0	0	0	0	0	64	0	0	0	0	0	0	
CMPADVC	2	1	1	0	4	0	128	0	0	0	128	0	0	0	0	0	64	0	0	0	0	0	0	
CMPADVC	2	1	1	4	13	4	128	0	0	0	128	0	0	0	0	0	128	0	0	0	0	0	0	
PADVC	2	1	1	0	4	0	128	0	0	0	128	0	0	0	0	0	64	0	0	0	0	0	0	
CMPADVC	2	1	1	0	4	0	128	0	0	0	128	0	0	0	0	0	64	0	0	0	0	0	0	
PADVC	2	1	1	4	13	4	128	0	0	0	128	0	0	0	0	0	0	0	128	0	0	0	0	
CMPADVC	2	1	1	4	13	4	128	0	0	0	128	0	0	0	0	0	0	0	128	0	0	0	0	
CMPADVC	2	1	1	4	13	4	128	0	0	0	128	0	0	0	0	0	128	0	0	0	0	0	0	
PADVC	2	1	1	4	13	4	128	0	0	0	128	0	0	0	0	0	0	0	128	0	0	0	0	
PADVC	2	1	0	0	0	0	128	0	0	0	128	0	0	0	0	0	0	0	0	0	0	0	0	
CMPADVC	2	1	0	0	0	0	128	0	0	0	128	0	0	0	0	0	0	0	0	0	0	0	0	
PADVC	2	1	1	0	4	0	128	0	0	0	128	0	0	0	0	0	64	0	0	0	0	0	0	
CMPADVC	2	1	1	0	4	0	128	0	0	0	128	0	0	0	0	0	64	0	0	0	0	0	0	
PADVC	1	0	0	0	0	0	128	0	0	0	0	0	0	0	0	0	0	0	0	0	0	0	0	
CMPADVC	1	0	0	0	0	0	128	0	0	0	0	0	0	0	0	0	0	0	0	0	0	0	0	
PADVC	2	1	1	0	4	0	128	0	0	0	128	0	0	0	0	0	64	0	0	64	0	0	0	
CMPADVC	2	1	1	0	4	0	128	0	0	0	128	0	0	0	0	0	64	0	0	64	0	0	0	
PADVC	2	1	1	4	13	4	128	32	0	0	128	0	0	0	0	0	128	0	0	0	0	0	0	
CMPADVC	2	1	1	4	13	4	128	32	0	0	128	0	0	0	0	0	128	0	0	0	0	0	0	
CMPADVC	2	1	1	4	13	4	128	0	0	0	128	0	0	0	0	0	0	0	128	0	0	0	0	
PADVC	1	0	0	0	0	0	128	0	0	0	0	0	0	0	0	0	0	0	0	0	0	0	0	
CMPADVC	1	0	0	0	0	0	128	0	0	0	0	0	0	0	0	0	0	0	0	0	0	0	0	
PADVC	1	1	1	0	4	0	128	0	0	0	128	0	0	0	0	0	64	0	0	0	0	0	0	
PADVC	2	1	1	4	13	4	128	0	0	0	128	0	0	0	0	0	128	0	0	0	0	0	0	
PADVC	2	1	1	0	4	0	128	0	0	0	128	0	0	0	0	0	64	0	0	0	0	0	0	
PADVC	2	1	1	0	0	0	128	0	0	0	128	0	0	0	0	0	0	0	0	0	0	0	0	
CMPADVC	2	1	1	0	0	0	128	0	0	0	128	0	0	0	0	0	0	0	0	0	0	0	0	
PADVC	2	1	1	0	0	0	128	0	0	0	128	0	0	0	0	0	32	0	0	64	0	0	0	
CMPADVC	2	1	1	0	0	0	128	0	0	0	128	0	0	0	0	0	32	0	0	64	0	0	0	
PADVC	2	1	1	0	0	0	128	0	0	0	128	0	0	0	0	0	32	0	0	0	0	0	0	
CMPADVC	2	1	1	0	0	0	128	0	0	0	128	0	0	0	0	0	32	0	0	0	0	0	0	
PADVC	1	1	0	0	0	0	128	0	0	0	128	0	0	0	0	0	0	0	0	0	0	0	0	
CMPADVC	1	1	0	0	0	0	128	0	0	0	128	0	0	0	0	0	0	0	0	0	0	0	0	
PADVC	2	0	0	0	0	0	128	0	0	0	0	0	0	0	0	0	0	0	0	64	0	0	0	
CMPADVC	2	0	0	0	0	0	128	0	0	0	0	0	0	0	0	0	0	0	0	64	0	0	0	
PADVC	2	1	1	0	0	0	128	32	0	0	128	0	0	0	0	0	32	0	0	0	0	0	0	
PADVC	2	1	1	0	0	0	128	0	0	0	128	0	0	0	0	0	32	0	0	0	0	0	0	
CMPADVC	2	1	1	0	0	0	128	0	0	0	128	0	0	0	0	0	32	0	0	0	0	0	0	
CMAS	2	0	0	0	0	0	128	0	0	0	0	0	0	0	0	0	0	0	0	64	0	0	0	
CMAS	3	1	0	0	0	0	128	0	0	0	128	0	0	0	0	0	0	0	0	0	0	0	0	
CMAS	2	0	0	0	0	0	128	0	0	0	0	0	0	0	0	0	0	0	0	0	0	0	0	
CMAS	2	1	0	0	0	0	128	0	0	0	128	0	0	0	0	0	0	0	0	128	128	0	0	
CMAS	2	0	0	0	0	0	128	32	0	128	0	0	0	0	0	0	0	0	0	128	0	0	0	
CMAS	2	0	0	0	0	0	128	0	0	0	0	0	0	0	0	0	0	0	0	64	0	0	0	
CMAS	2	0	0	0	0	0	128	0	0	0	0	0	0	0	0	0	0	0	0	64	0	0	0	
CMAS	2	0	0	0	0	0	128	0	0	0	0	0	0	0	0	0	0	0	0	64	0	0	0	
CMAS	1	0	0	0	0	0	128	64	0	0	0	0	0	0	0	0	0	0	0	0	0	0	0	
CMAS	2	0	0	0	0	0	128	0	0	0	0	0	0	0	0	0	0	0	0	64	0	0	0	
CMAS	2	0	0	0	0	0	128	0	0	0	0	0	0	0	0	0	0	0	0	64	0	0	0	
CMAS	2	0	0	0	0	0	128	0	0	0	0	0	0	0	0	0	0	0	0	64	0	0	0	
CMAS	2	0	0	0	0	0	128	64	0	0	0	0	0	0	0	0	0	0	0	64	0	0	0	
CMAS	1	0	0	0	0	0	128	0	0	0	0	0	0	0	0	0	0	0	0	0	0	0	0	
CMAS	1	0	0	0	0	0	128	0	0	0	0	0	0	0	0	0	0	0	0	64	0	0	0	
CMAS	2	0	0	0	0	0	128	0	0	0	0	0	0	0	0	0	0	0	0	64	0	0	0	
CMBS	2	1	1	0	0	0	128	0	0	0	128	0	0	0	0	0	0	0	0	0	128	0	0	
CMBS	2	1	1	130	0	130	128	0	0	0	128	0	0	0	0	0	0	0	0	0	0	0	0	
CMBS	2	0	0	0	0	0	128	0	0	0	0	0	0	0	0	0	0	0	0	64	128	0	0	
CMBS	2	0	0	0	0	0	128	0	128	0	0	0	0	0	0	0	0	0	0	64	128	0	0	
CMBS	2	0	0	0	0	0	128	0	0	0	0	0	0	0	0	0	0	0	0	64	64	0	0	
CMBS	2	0	0	0	0	0	128	0	0	0	0	0	0	0	0	0	0	0	0	64	128	0	0	
CMBS	2	0	0	0	0	0	128	0	0	0	0	0	0	0	0	0	0	0	0	64	128	0	0	
CMBS	3	0	0	0	0	0	128	32	0	0	0	0	0	0	0	0	0	0	0	64	128	0	0	
CMBS	2	0	0	0	0	0	128	0	0	0	0	0	0	0	0	0	0	0	0	64	128	0	0	
CMBS	2	0	0	0	0	0	128	0	0	0	0	0	0	0	0	0	0	0	0	64	128	0	0	
CMBS	2	0	0	0	0	0	128	0	0	0	0	0	0	0	0	0	0	0	0	64	64	0	0	
CMBS	2	1	1	130	0	130	128	0	0	0	128	0	0	0	0	0	0	0	0	0	0	0	0	
CMBS	2	1	1	130	0	130	128	0	0	0	128	0	0	0	0	0	0	0	0	0	0	0	0	
CMBS	1	0	0	0	0	0	128	0	0	0	0	0	0	0	0	0	0	0	0	0	0	0	0	
CMBS	1	0	0	0	0	0	128	0	0	0	0	0	0	0	0	0	0	0	0	0	0	0	0	
CMBS	1	0	0	0	0	0	128	0	0	0	0	0	0	0	0	0	0	0	0	0	0	0	0	
CMCS	1	0	0	0	0	0	128	0	0	0	0	0	0	0	0	0	0	0	0	0	0	0	0	
CMCS	2	0	0	0	0	0	128	0	0	0	0	0	0	0	0	0	0	0	0	64	0	128	0	
CMCS	1	1	0	0	0	0	128	0	0	0	128	0	0	0	0	0	0	0	0	0	0	0	0	
CMCS	2	0	0	0	0	0	128	0	128	0	0	0	0	0	0	0	0	0	0	0	0	192	0	
CMFS	2	1	1	0	0	0	128	0	0	0	128	0	0	0	0	0	0	0	0	64	0	0	128	
CMFS	2	1	1	0	0	0	128	0	0	0	128	0	0	0	0	0	0	0	0	0	0	0	0	
CMFS	2	1	1	0	0	0	128	0	0	0	128	0	0	0	0	0	0	0	0	64	0	0	128	
CMFS	2	0	0	0	0	0	128	0	0	0	0	0	0	0	0	0	0	0	0	0	0	0	128	
CMFS	2	0	0	0	0	0	128	32	0	0	0	0	0	0	0	0	0	0	0	64	0	0	0	
CMFS	2	1	1	0	0	0	128	0	0	0	128	0	0	0	0	0	0	0	0	64	0	0	128	
CMFS	2	1	1	0	0	0	128	0	0	0	128	0	0	0	0	0	0	0	0	64	0	0	128	
CMFS	2	1	1	0	0	0	128	0	0	0	128	0	0	0	0	0	0	0	0	64	0	0	128	
CMFS	2	0	0	0	0	0	128	0	0	0	0	0	0	0	0	0	0	0	0	64	0	0	128	
CMFS	2	1	1	0	0	0	128	0	0	0	128	0	0	0	0	0	0	0	0	64	0	0	128	
CMFS	2	0	0	0	0	0	128	0	0	0	0	0	0	0	0	0	0	0	0	64	0	0	128	
CMFS	2	0	0	0	0	0	128	0	0	0	0	0	0	0	0	0	0	0	0	64	0	0	128	
CMFS	2	1	1	0	0	0	128	0	0	0	128	0	0	0	0	0	0	0	0	64	0	0	128	
CMFS	2	1	1	0	0	0	128	0	0	0	128	0	0	0	0	0	0	0	0	64	0	0	128	
CMFS	2	0	0	0	0	0	128	0	0	0	0	0	0	0	0	0	0	0	0	64	0	0	0	
CMFS	2	1	1	0	0	0	128	0	0	0	128	0	0	0	0	0	0	0	0	64	0	0	128	
CMFS	2	1	1	0	0	0	128	0	0	0	128	0	0	0	0	0	0	0	0	64	0	0	128	
CMFS	2	1	0	0	0	0	160	0	0	0	128	0	0	0	0	0	0	0	0	64	0	0	0	
CCSADVC	3	1	1	248	122	248	128	0	0	0	128	0	0	0	0	0	0	0	0	64	0	0	0	
CCSADVC	2	1	1	0	8	0	128	0	0	0	128	0	0	0	0	0	0	0	0	64	0	0	0	
CCSADVC	2	1	1	0	8	0	128	0	0	0	128	0	0	0	0	0	0	0	0	64	128	0	0	
CCSADVC	2	1	1	0	8	0	128	0	0	0	128	0	0	0	0	0	0	0	0	64	0	0	0	
CCSADVC	2	1	1	0	8	0	128	0	0	0	128	0	0	0	0	0	0	0	0	64	0	0	0	
CCSADVC	2	1	1	0	8	0	128	0	0	0	128	0	0	0	0	0	0	0	0	64	0	0	0	
CCSADVC	2	1	1	0	8	0	128	0	0	0	128	0	0	0	0	0	0	0	0	64	0	0	0	
CCSADVC	2	1	1	240	0	240	128	32	0	0	128	0	0	0	0	0	0	0	0	0	0	0	0	
CCSADVC	2	1	1	4	13	4	128	0	0	0	128	0	0	0	0	0	0	0	0	64	0	0	0	
CCSADVC	3	1	1	4	13	4	128	0	0	0	128	0	0	0	0	0	0	0	0	64	0	0	0	
CCSADVC	2	1	1	0	0	0	128	0	0	0	128	0	0	0	0	0	0	0	0	64	0	0	0	
CCSADVC	3	1	1	0	0	0	128	0	0	0	128	0	0	0	0	0	0	0	0	64	0	0	0	
CCSADVC	2	1	1	0	0	0	128	0	0	0	128	0	0	0	0	0	0	0	0	64	0	0	0	
CCSADVC	2	1	1	0	0	0	128	0	0	0	128	0	0	0	0	0	0	0	0	64	0	0	0	
CCSADVC	3	1	1	4	13	4	128	0	0	0	128	0	0	0	0	0	0	0	0	64	0	0	0	
CCSADVC	2	1	1	248	122	248	128	0	0	0	128	0	0	0	0	0	0	0	0	64	0	0	0	
CCSADVC	2	0	0	0	0	0	128	0	0	0	0	0	0	0	0	0	0	0	0	64	0	0	0	
CCSADVC	2	1	1	4	13	4	128	0	0	0	128	0	0	0	0	0	0	0	0	64	0	0	0	
CCSADVC	2	1	1	0	0	0	128	96	0	0	128	0	0	0	0	0	0	0	0	64	0	0	0	
CCSADVC	2	1	1	0	0	0	128	32	0	0	128	0	0	0	0	0	0	0	0	64	0	0	0	
CCSADVC	2	0	0	0	0	0	128	0	0	0	0	0	0	0	0	0	0	0	0	64	0	0	0	
CCSADVC	2	1	0	0	0	0	128	0	0	0	128	0	0	0	0	0	0	0	0	64	0	0	0	
CCSADVC	2	1	1	0	8	0	128	0	0	0	128	0	0	0	0	0	0	0	0	64	0	0	0	
CCSADVC	2	1	1	0	0	0	128	0	0	0	128	0	0	0	0	0	0	0	0	64	0	0	0	
CCSADVC	4	1	1	240	0	240	128	0	0	0	128	0	0	0	0	0	0	0	0	0	0	128	0	
CCSADVC	2	1	1	240	0	240	128	0	0	0	128	0	0	0	0	0	0	0	0	64	0	0	0	
CCSADVC	2	1	1	240	0	240	128	0	0	0	128	0	0	0	0	0	0	0	0	64	0	0	0	
CCSADVC	2	1	1	0	0	0	128	0	0	0	128	0	0	0	0	0	0	0	0	64	0	0	0	
CCSADVC	2	1	1	252	0	252	128	0	0	0	128	0	0	0	0	0	0	0	0	64	0	0	0	
CCSADVC	3	1	1	4	13	4	128	0	0	0	128	0	0	0	0	0	0	0	0	64	0	0	0	
CCSADVC	2	1	1	0	8	0	128	32	0	0	128	0	0	0	0	0	0	0	0	0	0	0	0	
CCSADVC	2	1	1	0	8	0	128	0	0	0	128	0	0	0	0	0	0	0	0	64	128	0	0	
CCSADVC	2	1	1	0	8	0	128	0	0	0	128	0	0	0	0	0	0	0	0	64	0	0	0	
CCSADVC	2	1	1	0	8	0	128	0	0	0	128	0	0	0	0	0	0	0	0	64	0	0	0	
CCSADVC	3	1	1	0	8	0	128	0	0	0	128	0	0	0	0	0	0	0	0	64	0	0	0	
CCSADVC	2	1	1	0	8	0	128	0	0	0	128	0	0	0	0	0	0	0	0	64	0	0	0	
CCSADVC	2	1	1	0	8	0	128	0	0	0	128	0	0	0	0	0	0	0	0	64	0	0	0	
CCSADVC	2	1	1	0	8	0	128	0	0	0	128	0	0	0	0	0	0	0	0	64	0	0	0	
CCSADVC	2	1	1	0	0	0	128	0	0	0	128	0	0	0	0	0	0	0	0	0	0	0	0	
CCSADVC	2	1	1	0	0	0	128	0	0	0	128	0	0	0	0	0	0	0	0	0	0	0	0	
CCSADVC	2	1	1	0	0	0	128	32	0	0	128	0	0	0	0	0	0	0	0	0	0	0	0	
CCSADVC	2	1	1	0	0	0	128	32	0	0	128	0	0	0	0	0	0	0	0	0	0	0	0	
CCSADVC	2	1	1	160	0	160	128	0	0	0	128	0	0	0	0	0	0	0	0	64	0	0	0	
CCSADVC	2	1	1	160	0	160	128	0	0	0	128	0	0	0	0	0	0	0	0	64	0	0	0	
CCSADVC	1	1	1	176	0	176	128	0	0	0	0	0	0	0	0	0	0	0	0	0	0	0	0	
CCSADVC	2	1	1	176	0	176	128	0	0	0	128	0	0	0	0	0	0	0	0	64	0	128	0	
CCSADVC	2	1	0	0	0	0	128	32	0	0	128	0	0	0	0	0	0	0	0	64	0	0	0	
CCSADVC	2	1	1	160	0	160	128	0	0	0	128	0	0	0	0	0	0	0	0	64	0	0	0	
CCSADVC	2	1	1	240	0	240	128	0	0	0	128	0	0	0	0	0	0	0	0	0	0	0	0	
CADVC	2	1	0	0	0	0	128	0	0	0	128	0	0	0	128	0	0	0	0	0	0	0	0	
CADVC	2	1	0	0	0	0	128	0	0	0	128	0	0	0	128	0	0	0	0	0	0	0	0	
CADVC	2	1	1	0	32	0	128	0	0	0	128	0	0	0	0	0	0	0	0	64	0	0	0	
CADVC	2	1	1	0	32	0	128	0	0	0	128	0	0	0	0	0	0	0	0	64	0	0	0	
CADVC	2	1	1	0	32	0	128	0	0	0	128	0	0	0	0	0	0	0	0	64	0	0	0	
CADVC	2	1	1	0	32	0	128	0	0	0	128	0	0	0	0	0	0	0	0	64	0	0	0	
CADVC	2	1	1	0	32	0	128	0	0	0	128	0	0	0	0	0	0	0	0	64	0	0	0	
CADVC	2	1	1	0	32	0	128	0	0	0	128	0	0	0	0	0	0	0	0	0	0	0	0	
CADVC	2	0	0	0	0	0	128	0	0	0	0	0	0	0	128	0	0	0	0	64	0	0	0	
CADVC	2	1	1	0	0	0	128	0	0	0	128	0	0	0	128	0	0	0	0	64	0	0	0	
CADVC	2	1	0	0	0	0	128	0	0	0	128	0	0	0	128	0	0	0	0	64	0	0	0	
CADVC	2	0	0	0	0	0	128	0	0	0	0	0	0	0	128	0	0	0	0	64	0	0	0	
CADVC	2	1	1	0	32	0	128	0	0	0	128	0	0	0	0	0	0	0	0	0	0	0	0	
CADVC	2	1	1	0	32	0	128	0	0	0	128	0	0	0	0	0	0	0	0	0	0	0	0	
CADVC	2	1	1	0	32	0	128	0	0	0	128	0	0	0	0	0	0	0	0	64	0	0	0	
CADVC	2	1	1	0	32	0	128	0	0	0	128	0	0	0	0	0	0	0	0	64	0	0	0	
CADVC	2	1	1	64	32	64	128	0	0	0	128	0	0	0	0	0	0	0	0	0	0	0	0	
CADVC	2	1	1	0	32	0	128	0	0	0	128	0	0	0	0	0	0	0	0	0	0	0	0	
CADVC	2	1	1	64	32	64	128	0	0	0	128	0	0	0	0	0	0	0	0	0	0	0	0	
CADVC	2	1	0	0	0	0	128	32	0	0	128	0	0	0	128	0	0	0	0	0	0	0	0	
CADVC	3	1	1	64	32	64	128	0	0	0	128	0	0	0	0	0	0	0	0	0	0	0	0	
CADVC	2	1	1	0	32	0	128	0	0	0	128	0	0	0	0	0	0	0	0	0	0	0	0	
CADVC	2	1	1	0	32	0	128	0	0	0	128	0	0	0	0	0	0	0	0	0	0	0	0	
CADVC	2	1	1	0	32	0	128	0	0	0	128	0	0	0	0	0	0	0	0	0	0	0	0	
CADVC	3	1	1	248	122	248	128	0	0	0	128	0	0	0	128	0	0	0	0	64	0	0	0	
CADVC	2	1	1	248	122	248	128	0	0	0	128	0	0	0	128	0	0	0	0	0	0	0	0	
CADVC	2	1	1	248	122	248	128	0	0	0	128	0	0	0	0	0	0	0	0	0	0	0	0	
CADVC	2	1	1	248	122	248	128	0	0	0	128	0	0	0	0	0	0	0	0	0	0	0	0	
CADVC	2	1	1	248	122	248	128	32	0	0	128	0	0	0	128	0	0	0	0	0	0	0	0	
RADVC	2	1	1	4	13	4	128	0	0	0	128	0	0	0	0	0	0	0	0	0	0	0	0	
MNRADVC	2	1	1	4	13	4	128	0	0	0	128	0	0	0	0	0	0	0	0	0	0	0	0	
RADVC	2	1	1	4	13	4	128	64	0	0	128	0	0	0	0	0	0	0	0	0	0	0	0	
MNRADVC	2	1	1	4	13	4	128	64	0	0	128	0	0	0	0	0	0	0	0	0	0	0	0	
RADVC	2	1	1	4	13	4	128	0	128	0	128	0	0	0	0	0	0	0	0	0	0	0	0	
MNRADVC	2	1	1	4	13	4	128	0	128	0	128	0	0	0	0	0	0	0	0	0	0	0	0	
MNRADVC	2	1	1	0	0	0	128	0	0	0	128	0	0	0	0	0	0	0	0	0	0	0	0	
MNRADVC	2	1	1	32	1	0	128	0	0	0	128	0	0	0	0	0	0	64	0	0	0	0	0	
RADVC	2	1	1	32	1	0	128	0	0	0	128	0	0	0	0	0	0	64	0	0	0	0	0	
RADVC	2	1	1	32	1	0	128	0	0	0	128	0	0	0	0	0	0	64	0	0	0	0	0	
MNRADVC	2	1	1	32	1	0	128	0	0	0	128	0	0	0	0	0	0	64	0	0	0	0	0	
RADVC	2	1	1	32	1	0	128	0	0	0	128	0	0	0	0	0	0	64	0	0	0	0	0	
MNRADVC	2	1	1	32	1	0	128	0	0	0	128	0	0	0	0	0	0	64	0	0	0	0	0	
MNRADVC	2	1	1	4	13	4	128	0	0	0	128	0	0	0	0	0	0	0	0	0	0	0	0	
MNRADVC	2	1	1	4	13	4	128	0	0	0	128	0	0	0	0	0	0	0	0	64	0	0	128	
MNRADVC	2	1	1	0	0	0	128	0	0	0	128	0	0	0	0	0	0	0	0	64	0	0	128	
RADVC	2	1	1	32	1	0	128	0	0	0	128	0	0	0	0	0	0	64	0	0	0	0	0	
RADVC	2	1	1	32	1	0	128	0	0	0	128	0	0	0	0	0	0	64	0	0	0	0	0	
MNRADVC	2	1	1	32	1	0	128	0	0	0	128	0	0	0	0	0	0	64	0	0	0	0	0	
RADVC	2	1	1	32	1	0	128	0	0	0	128	0	0	0	0	0	0	64	0	0	0	0	0	
MNRADVC	2	1	1	32	1	0	128	0	0	0	128	0	0	0	0	0	0	64	0	0	0	0	0	
RADVC	2	1	1	32	1	0	128	0	0	0	128	0	0	0	0	0	0	64	0	0	0	0	0	
MNRADVC	2	1	1	32	1	0	128	0	0	0	128	0	0	0	0	0	0	64	0	0	0	0	0	
RADVC	2	1	1	32	1	0	128	0	0	0	128	0	0	0	0	0	0	64	0	0	0	0	0	
MNRADVC	2	1	1	32	1	0	128	0	0	0	128	0	0	0	0	0	0	64	0	0	0	0	0	
RADVC	2	1	1	32	1	0	128	0	0	0	128	0	0	0	0	0	0	64	0	0	0	0	0	
MNRADVC	2	1	1	32	1	0	128	0	0	0	128	0	0	0	0	0	0	64	0	0	0	0	0	
RADVC	2	1	1	32	1	0	128	0	128	0	128	0	0	0	0	0	0	0	0	0	0	0	0	
MNRADVC	2	1	1	32	1	0	128	0	128	0	128	0	0	0	0	0	0	0	0	0	0	0	0	
RADVC	2	1	1	32	1	0	128	0	0	0	128	0	0	0	0	0	0	64	0	0	0	0	0	
MNRADVC	2	1	1	32	1	0	128	0	0	0	128	0	0	0	0	0	0	64	0	0	0	0	0	
RADVC	2	1	1	32	1	0	128	0	0	0	128	0	0	0	0	0	0	64	0	0	0	0	0	
MNRADVC	2	1	1	32	1	0	128	0	0	0	128	0	0	0	0	0	0	64	0	0	0	0	0	
RADVC	1	0	0	0	0	0	128	0	0	0	0	0	0	0	0	0	0	0	0	0	0	0	0	
MNRADVC	1	0	0	0	0	0	128	0	0	0	0	0	0	0	0	0	0	0	0	0	0	0	0	
RADVC	1	0	0	0	0	0	128	0	0	0	0	0	0	0	0	0	0	0	0	0	0	0	0	
MNRADVC	1	0	0	0	0	0	128	0	0	0	0	0	0	0	0	0	0	0	0	0	0	0	0	
RADVC	2	1	1	32	1	0	128	0	0	0	128	0	0	0	0	0	0	64	0	0	0	0	0	
MNRADVC	2	1	1	32	1	0	128	0	0	0	128	0	0	0	0	0	0	64	0	0	0	0	0	
RADVC	2	1	1	32	1	0	128	0	0	0	128	0	0	0	0	0	0	64	0	0	0	0	0	
MNRADVC	2	1	1	32	1	0	128	0	0	0	128	0	0	0	0	0	0	64	0	0	0	0	0	
RADVC	2	1	1	32	1	0	128	32	0	0	128	0	0	0	0	0	0	64	0	0	0	0	0	
MNRADVC	2	1	1	32	1	0	128	32	0	0	128	0	0	0	0	0	0	64	0	0	0	0	0	
ATC	1	1	1	0	0	0	128	0	0	0	128	0	0	0	0	0	0	0	0	0	0	0	0	
NATC	1	1	1	0	0	0	128	0	0	0	128	0	0	0	0	0	0	0	0	0	0	0	0	
NATC	2	1	1	0	0	0	128	0	0	0	128	0	0	0	0	0	0	0	0	64	0	0	0	
ATC	1	1	1	4	13	4	128	0	0	0	128	0	0	0	0	0	0	0	0	0	0	0	0	
NATC	1	1	1	4	13	4	128	0	0	0	128	0	0	0	0	0	0	0	0	0	0	0	0	
ATC	2	1	1	4	13	4	128	0	0	0	128	0	0	0	0	0	0	0	0	64	0	0	0	
NATC	2	1	1	4	13	4	128	0	0	0	128	0	0	0	0	0	0	0	0	64	0	0	0	
NATC	1	1	1	252	0	252	128	0	0	0	128	0	0	0	0	0	0	0	0	64	0	0	0	
ATC	1	1	1	4	13	4	128	0	0	0	128	0	0	0	0	0	0	0	0	0	0	0	0	
NATC	1	1	1	4	13	4	128	0	0	0	128	0	0	0	0	0	0	0	0	0	0	0	0	
ATC	2	1	1	252	0	252	128	0	0	0	128	0	0	0	0	0	0	0	0	0	0	0	0	
NATC	2	1	1	252	0	252	128	0	0	0	128	0	0	0	0	0	0	0	0	0	0	0	0	
ATC	2	1	1	252	0	252	128	0	0	0	128	0	0	0	0	0	0	0	0	64	0	0	0	
NATC	2	1	1	252	0	252	128	0	0	0	128	0	0	0	0	0	0	0	0	64	0	0	0	
ATC	2	1	1	4	13	4	128	0	0	0	128	0	0	0	0	0	0	0	0	64	0	0	0	
NATC	2	1	1	4	13	4	128	0	0	0	128	0	0	0	0	0	0	0	0	64	0	0	0	
NATC	2	1	1	0	0	0	128	0	0	0	192	0	0	0	0	0	0	0	0	0	0	0	0	
ATC	3	1	1	248	122	248	128	0	0	0	128	0	0	0	0	0	0	0	0	0	0	0	0	
NATC	3	1	1	248	122	248	128	0	0	0	128	0	0	0	0	0	0	0	0	0	0	0	0	
ATC	2	1	1	252	0	252	128	0	0	0	128	0	0	0	0	0	0	0	0	0	0	0	0	
NATC	2	1	1	252	0	252	128	0	0	0	128	0	0	0	0	0	0	0	0	0	0	0	0	
ATC	2	1	1	254	0	254	128	0	0	0	160	8	0	0	0	0	0	0	0	64	0	0	0	
ATC	2	1	1	125	0	125	128	0	0	0	128	16	128	0	0	0	0	0	0	64	0	0	0	
NATC	2	1	1	125	0	125	128	0	0	0	128	16	128	0	0	0	0	0	0	64	0	0	0	
ATC	1	1	1	252	0	252	128	0	0	0	128	0	0	0	0	0	0	0	0	0	0	0	0	
ATC	2	1	1	252	0	252	128	0	0	0	128	0	0	0	0	0	0	0	0	0	0	0	0	
ATC	2	1	1	252	0	252	128	0	0	0	128	0	0	0	0	0	0	0	0	0	0	0	0	
NATC	2	1	1	252	0	252	128	0	0	0	128	0	0	0	0	0	0	0	0	0	0	0	0	
ATC	2	1	1	254	0	254	128	0	0	0	128	8	0	0	0	0	0	0	0	64	0	0	0	
NATC	2	1	1	254	0	254	128	0	0	0	128	8	0	0	0	0	0	0	0	64	0	0	0	
ATC	2	1	1	0	0	0	128	0	0	0	128	0	0	0	0	0	0	0	0	64	0	0	0	
NATC	2	1	1	0	0	0	128	0	0	0	128	0	0	0	0	0	0	0	0	64	0	0	0	
ATC	3	1	0	0	0	0	128	0	0	0	128	0	0	0	0	0	0	0	0	0	0	0	0	
NATC	3	1	0	0	0	0	128	0	0	0	128	0	0	0	0	0	0	0	0	0	0	0	0	
NATC	2	1	1	0	0	0	128	0	0	0	192	0	0	0	0	0	0	0	0	64	0	0	0	
ATC	2	1	1	0	0	0	128	0	0	0	128	0	0	0	0	0	0	0	0	64	0	0	0	
NATC	2	1	1	0	0	0	128	0	0	0	128	0	0	0	0	0	0	0	0	64	0	0	0	
ATC	2	1	1	252	0	252	128	0	0	0	128	0	0	0	0	0	0	0	0	64	0	0	0	
NATC	2	1	1	252	0	252	128	0	0	0	128	0	0	0	0	0	0	0	0	64	0	0	0	
ATC	2	1	1	236	0	236	128	0	0	0	128	0	0	0	0	0	0	0	0	64	0	0	0	
NATC	2	1	1	236	0	236	128	0	0	0	128	0	0	0	0	0	0	0	0	64	0	0	0	
ATC	2	1	1	252	0	252	128	0	0	0	128	0	0	0	0	0	0	0	0	64	0	0	0	
ATC	2	1	1	252	0	252	128	0	0	0	128	0	0	0	0	0	0	0	0	64	0	0	0	
NATC	2	1	1	252	0	252	128	0	0	0	128	0	0	0	0	0	0	0	0	64	0	0	0	
ATC	2	1	1	252	0	252	128	0	0	0	128	0	0	0	0	0	0	0	0	64	0	0	0	
NATC	2	1	1	252	0	252	128	0	0	0	128	0	0	0	0	0	0	0	0	64	0	0	0	
NATC	2	1	1	236	0	236	128	0	0	0	128	0	0	0	0	0	0	0	0	64	0	0	0	
NATC	2	1	1	4	13	4	128	0	0	0	128	0	0	0	0	0	0	0	0	64	0	0	0	
ATC	1	1	1	252	0	252	128	0	0	0	128	0	0	0	0	0	0	0	0	0	0	0	0	
ATC	2	1	1	252	0	252	128	32	0	0	128	0	0	0	0	0	0	0	0	64	0	0	0	
NATC	2	1	1	252	0	252	128	32	0	0	128	0	0	0	0	0	0	0	0	64	0	0	0	
ATC	2	1	1	0	0	0	128	0	0	0	128	0	0	0	0	0	0	0	0	64	0	0	0	
NATC	2	1	1	0	0	0	128	0	0	0	128	0	0	0	0	0	0	0	0	64	0	0	0	
ATC	2	1	1	252	0	252	128	0	0	0	128	0	0	0	0	0	0	0	0	64	0	0	0	
NATC	2	1	1	252	0	252	128	0	0	0	128	0	0	0	0	0	0	0	0	64	0	0	0	
ATC	2	1	1	252	0	252	128	0	0	0	128	0	0	0	0	0	0	0	0	64	0	0	0	
NATC	2	1	1	252	0	252	128	0	0	0	128	0	0	0	0	0	0	0	0	64	0	0	0	
ATC	2	1	1	252	0	252	128	0	0	0	128	0	0	0	0	0	0	0	0	0	0	0	0	
NATC	2	1	1	252	0	252	128	0	0	0	128	0	0	0	0	0	0	0	0	0	0	0	0	
NATC	2	1	1	0	0	0	128	0	0	0	128	0	0	0	0	0	0	0	0	64	0	0	0	
NATC	2	1	1	0	0	0	128	0	0	0	128	0	0	0	0	0	0	0	0	64	0	0	0	
ATC	2	1	1	252	0	252	128	0	0	0	128	0	0	0	0	0	0	0	0	0	0	0	0	
NATC	2	1	1	252	0	252	128	0	0	0	128	0	0	0	0	0	0	0	0	0	0	0	0	
NATC	1	1	1	4	13	4	128	0	0	0	128	0	0	0	0	0	0	0	0	64	0	0	0	
ATC	2	1	1	252	0	252	128	0	0	0	128	0	0	0	0	0	0	0	0	0	0	0	0	
NATC	2	1	1	252	0	252	128	0	0	0	128	0	0	0	0	0	0	0	0	0	0	0	0	
ATC	2	1	1	0	0	0	128	0	0	0	192	0	0	0	0	0	0	0	0	64	0	0	0	
NATC	2	1	1	0	0	0	128	0	0	0	192	0	0	0	0	0	0	0	0	64	0	0	0	
ATC	2	1	1	252	0	252	128	0	0	0	128	0	0	0	0	0	0	0	0	64	0	0	0	
NATC	2	1	1	252	0	252	128	0	0	0	128	0	0	0	0	0	0	0	0	64	0	0	0	
ATC	2	1	1	125	0	125	128	0	0	0	144	0	128	0	0	0	0	0	0	64	0	0	0	
NATC	2	1	1	125	0	125	128	0	0	0	144	0	128	0	0	0	0	0	0	64	0	0	0	
ATC	1	1	1	252	0	252	128	0	0	0	128	0	0	0	0	0	0	0	0	0	0	0	0	
NATC	1	1	1	252	0	252	128	0	0	0	128	0	0	0	0	0	0	0	0	0	0	0	0	
ATC	2	1	1	254	0	254	128	0	0	0	128	8	0	0	0	0	0	0	0	64	0	0	0	
NATC	2	1	1	254	0	254	128	0	0	0	128	8	0	0	0	0	0	0	0	64	0	0	0	
ATC	2	1	1	0	0	0	128	0	0	0	192	0	0	0	0	0	0	0	0	0	0	0	0	
NATC	2	1	1	0	0	0	128	0	0	0	192	0	0	0	0	0	0	0	0	0	0	0	0	
ATC	2	1	1	0	0	0	128	0	0	0	128	0	0	0	0	0	0	0	0	64	0	0	0	
NATC	2	1	1	0	0	0	128	0	0	0	128	0	0	0	0	0	0	0	0	64	0	0	0	
ATC	2	1	1	252	0	252	128	0	0	0	128	0	0	0	0	0	0	0	0	64	0	0	0	
NATC	2	1	1	252	0	252	128	0	0	0	128	0	0	0	0	0	0	0	0	64	0	0	0	
ATC	1	1	1	252	0	252	128	0	0	0	128	0	0	0	0	0	0	0	0	0	0	0	0	
ATC	2	1	1	0	0	0	128	0	0	0	128	0	0	0	0	0	0	0	0	64	0	0	0	
NATC	2	1	1	0	0	0	128	0	0	0	128	0	0	0	0	0	0	0	0	64	0	0	0	
OC	2	1	1	240	0	240	128	0	0	0	128	0	0	0	0	0	0	0	0	0	0	0	0	
OC	2	1	1	248	122	248	128	0	0	0	128	0	0	0	0	0	0	0	0	0	0	0	0	
OC	2	1	1	64	32	64	128	0	0	0	128	0	0	0	0	0	0	0	0	0	0	0	0	
OC	2	1	1	125	0	125	128	32	0	0	128	0	128	0	0	0	0	0	0	0	0	0	0	
OC	2	1	1	0	0	0	128	0	0	0	128	0	0	0	0	0	0	0	0	64	0	0	0	
OC	2	1	1	240	0	240	128	0	0	0	128	0	0	0	0	0	0	0	0	0	0	0	0	
OC	2	1	1	248	122	248	128	0	0	0	128	0	0	0	0	0	0	0	0	0	0	0	0	
OC	2	1	0	0	0	0	128	0	0	0	128	0	0	0	0	0	0	0	0	0	0	0	0	
OC	2	1	1	248	122	248	128	32	0	0	128	0	0	0	0	0	0	0	0	0	0	0	0	
OC	2	1	1	248	122	248	128	128	0	0	128	0	0	0	0	0	0	0	0	0	0	0	0	
OC	2	1	1	248	122	248	128	128	0	0	128	0	0	0	0	0	0	0	0	0	0	0	0	
OC	2	1	1	248	122	248	128	128	0	0	128	0	0	0	0	0	0	0	0	0	0	0	0	
OC	2	1	0	0	0	0	128	128	0	0	128	0	0	0	0	0	0	0	0	0	0	0	0	
OC	3	1	1	240	0	240	128	32	0	0	128	0	0	0	0	0	0	0	0	0	0	0	0	
OC	2	1	1	64	32	64	128	0	0	0	128	0	0	0	0	0	0	0	0	0	0	0	0	
OC	2	1	1	0	0	0	128	0	0	0	128	0	0	0	0	0	0	0	0	0	0	128	0	
OC	2	1	1	0	0	0	128	0	0	0	128	0	0	0	0	0	0	0	0	0	0	128	0	
OC	2	1	0	0	0	0	128	0	0	0	128	0	0	0	0	0	0	0	0	0	0	0	0	
OC	2	1	0	0	0	0	128	0	0	0	128	0	0	0	0	0	0	0	0	0	0	0	0	
OC	2	1	1	248	122	248	128	64	0	0	128	0	0	0	0	0	0	0	0	0	0	0	0	
OC	2	1	1	248	122	248	128	96	0	0	128	0	0	0	0	0	0	0	0	0	0	0	0	
OC	2	1	1	248	122	248	128	0	0	0	128	0	0	0	0	0	0	0	0	0	0	0	0	
OC	2	1	1	248	122	248	128	96	0	0	128	0	0	0	0	0	0	0	0	0	0	0	0	
OC	3	1	0	0	0	0	128	0	0	0	128	0	0	0	0	0	0	0	0	0	0	0	0	
OC	2	1	1	248	122	248	128	64	0	0	128	0	0	0	0	0	0	0	0	0	0	0	0	
OC	2	1	1	248	122	248	128	64	0	0	128	0	0	0	0	0	0	0	0	0	0	0	0	
OC	2	1	1	64	32	64	128	0	0	0	128	0	0	0	0	0	0	0	0	0	0	0	0	
OC	2	1	1	240	0	240	128	0	0	0	128	0	0	0	0	0	0	0	0	0	0	0	0	
OC	2	1	1	125	0	125	128	0	0	0	128	0	128	0	0	0	0	0	0	0	0	0	0	
OC	2	1	1	248	122	248	128	0	0	0	128	0	0	0	0	0	0	0	0	0	0	0	0	
OC	2	1	1	248	122	248	128	32	0	0	128	0	0	0	0	0	0	0	0	0	0	0	0	
OC	1	1	1	254	0	254	128	32	0	0	128	8	0	0	0	0	0	0	0	0	0	0	0	
OC	2	1	1	248	122	248	128	0	0	0	128	0	0	0	0	0	0	0	0	0	0	0	0	
OC	2	1	1	252	0	252	128	0	0	0	128	0	0	0	0	0	0	0	0	0	0	0	0	
OC	2	1	1	240	0	240	128	32	0	0	128	0	0	0	0	0	0	0	0	0	0	0	0	
OC	2	1	0	0	0	0	128	0	0	0	128	0	0	0	0	0	0	0	0	0	0	0	0	
OC	2	1	1	248	122	248	128	0	0	0	128	0	0	0	0	0	0	0	0	0	0	0	0	
OC	3	1	1	240	0	240	128	0	0	0	128	0	0	0	0	0	0	0	0	0	0	0	0	
OC	3	1	1	248	122	248	128	0	0	0	128	0	0	0	0	0	0	0	0	0	0	0	0	
OC	2	1	1	240	0	240	128	0	0	0	128	0	0	0	0	0	0	0	0	0	0	0	0	
OC	1	1	1	240	0	240	128	0	0	0	128	0	0	0	0	0	0	0	0	0	0	0	0	
OC	3	1	1	240	0	240	128	0	0	0	128	0	0	0	0	0	0	0	0	0	0	0	0	
OC	2	1	1	248	122	248	128	64	0	0	128	0	0	0	0	0	0	0	0	0	0	0	0	
OC	2	1	1	248	122	248	128	0	0	0	128	0	0	0	0	0	0	0	0	0	0	0	0	
OC	2	1	1	64	32	64	128	0	0	0	128	0	0	0	0	0	0	0	0	0	0	0	0	
OC	2	1	1	236	0	236	128	0	0	0	128	0	0	0	0	0	0	0	0	0	0	0	0	
OC	2	1	1	254	0	254	128	32	0	0	128	8	0	0	0	0	0	0	0	0	0	0	0	
OC	2	1	1	248	122	248	128	32	0	0	128	0	0	0	0	0	0	0	0	0	0	0	0	
OC	2	1	1	248	122	248	128	32	0	0	128	0	0	0	0	0	0	0	0	0	0	0	0	
PC	2	1	1	32	1	0	128	0	128	0	128	0	0	0	0	0	0	0	0	0	0	0	0	
PC	3	1	1	240	0	240	128	0	128	0	128	0	0	0	0	0	0	0	0	0	0	0	0	
PC	2	1	1	240	0	240	128	0	128	0	128	0	0	0	0	0	0	0	0	0	0	0	0	
PC	3	1	1	240	0	240	128	0	128	0	128	0	0	0	0	0	0	0	0	0	0	0	0	
PC	2	1	1	240	0	240	128	0	0	0	128	0	0	0	0	0	0	0	0	0	0	0	0	
PC	2	1	1	240	0	240	128	0	128	128	0	0	0	0	0	0	0	0	0	0	0	0	0	
PC	2	1	1	248	122	248	128	0	128	0	128	0	0	0	0	0	0	0	0	0	0	0	0	
PC	4	1	1	4	13	4	128	0	128	0	128	0	0	0	0	0	0	0	0	0	0	0	0	
PC	2	1	1	32	1	0	128	0	128	0	128	0	0	0	0	0	0	0	0	0	0	0	0	
PC	2	1	1	0	0	0	128	0	128	0	128	0	0	0	0	0	0	0	0	0	0	0	0	
PC	2	1	1	248	122	248	128	0	128	128	128	0	0	0	0	0	0	0	0	0	0	0	0	
PC	2	1	1	248	122	248	128	0	128	128	128	0	0	0	0	0	0	0	0	0	0	0	0	
PC	1	1	1	0	0	0	128	0	128	128	128	0	0	0	0	0	0	0	0	0	0	0	0	
PC	2	1	1	252	0	252	128	0	128	128	128	0	0	0	0	0	0	0	0	0	0	0	0	
PC	2	1	1	248	122	248	128	0	128	128	128	0	0	0	0	0	0	0	0	0	0	0	0	
PC	2	1	1	248	122	248	128	0	128	128	128	0	0	0	0	0	0	0	0	0	0	0	0	
PC	2	1	1	125	0	125	128	0	128	0	128	0	128	0	0	0	0	0	0	0	0	0	0	
PC	2	1	1	0	64	0	128	0	128	0	128	0	0	0	0	0	0	0	0	0	0	0	0	
PC	2	1	1	125	0	125	128	0	128	0	128	0	128	0	0	0	0	0	0	0	0	0	0	
PC	2	1	1	254	0	254	128	0	128	0	128	8	0	0	0	0	0	0	0	0	0	0	0	
PC	3	1	1	240	0	240	128	0	128	0	128	0	0	0	0	0	0	0	0	0	0	0	0	
PC	2	1	1	125	0	125	128	0	128	0	128	0	128	0	0	0	0	0	0	0	0	0	0	
PC	2	1	1	125	0	125	128	0	128	0	128	0	128	0	0	0	0	0	0	0	0	0	0	
PC	2	1	1	248	0	248	128	0	128	0	128	0	0	0	0	0	0	0	0	0	0	0	0	
PC	2	1	1	248	0	248	128	0	128	0	128	0	0	0	0	0	0	0	0	0	0	0	0	
PC	2	1	1	240	0	240	128	0	128	0	128	0	0	0	0	0	0	0	0	0	0	0	0	
PC	2	1	1	248	122	248	128	0	128	128	128	0	0	0	0	0	0	0	0	0	0	0	0	
PC	2	1	1	125	0	125	128	0	128	0	128	0	128	0	0	0	0	0	0	0	0	0	0	
PC	2	1	1	252	0	252	128	0	128	128	128	0	0	0	0	0	0	0	0	0	0	0	0	
PC	3	1	1	252	0	252	128	0	128	128	128	0	0	0	0	0	0	0	0	0	0	0	0	
PC	2	1	1	254	0	254	128	0	128	128	128	8	0	0	0	0	0	0	0	0	0	0	0	
PC	2	1	1	252	0	252	128	0	128	128	128	0	0	0	0	0	0	0	0	0	0	0	0	
PC	2	1	1	240	0	240	128	0	128	128	128	0	0	0	0	0	0	0	0	0	0	0	0	
PC	2	1	1	240	0	240	128	0	128	128	128	0	0	0	0	0	0	0	0	0	0	0	0	
PC	2	1	1	252	0	252	128	0	128	128	128	0	0	0	0	0	0	0	0	0	0	0	0	
PC	2	1	1	248	122	248	128	0	128	0	128	0	0	0	0	0	0	0	0	0	0	0	0	
PC	2	1	1	248	122	248	128	0	128	0	128	0	0	0	0	0	0	0	0	0	0	0	0	
PC	3	1	1	252	0	252	128	0	128	0	128	0	0	0	0	0	0	0	0	0	0	0	0	
PC	2	1	1	240	0	240	128	0	128	128	128	0	0	0	0	0	0	0	0	0	0	0	0	
PADVC	2	1	0	0	0	0	128	32	0	0	128	0	0	0	0	0	0	0	0	0	0	0	0	
PADVC	2	1	1	248	122	248	128	0	0	0	128	0	0	0	0	128	0	0	0	0	0	0	0	
PADVC	2	1	1	0	16	0	128	0	0	0	128	0	0	0	0	0	0	0	0	0	0	0	0	
PADVC	2	1	1	0	16	0	128	0	0	0	128	0	0	0	0	0	0	0	0	0	0	0	0	
PADVC	2	1	1	0	16	0	128	0	0	0	128	0	0	0	0	0	0	0	0	0	0	0	0	
PADVC	2	1	1	248	122	248	128	0	0	0	128	0	0	0	0	0	0	0	0	0	0	0	0	
PADVC	1	1	1	248	122	248	128	64	0	0	128	0	0	0	0	0	0	0	0	0	0	0	0	
PADVC	2	1	1	248	122	248	128	32	0	128	128	0	0	0	0	128	0	0	0	0	0	0	0	
PADVC	1	1	1	0	0	0	128	0	0	0	128	0	0	0	0	0	0	0	0	0	0	0	0	
PADVC	2	1	1	0	18	0	128	0	0	0	128	0	0	0	0	0	0	0	0	0	0	0	0	
PADVC	2	1	1	248	122	248	128	0	0	0	128	0	0	0	0	0	0	0	0	0	0	0	0	
PADVC	2	1	1	0	18	0	128	0	0	0	128	0	0	0	0	0	0	0	0	0	0	0	0	
PADVC	2	1	1	0	18	0	128	0	0	0	128	0	0	0	0	0	0	0	0	0	0	0	0	
RADVC	2	1	1	4	13	4	128	0	0	0	128	0	0	0	0	0	0	0	0	64	0	0	0	
RADVC	2	1	1	0	0	0	128	0	0	0	128	0	0	0	0	0	0	0	0	64	0	0	128	
RADVC	2	1	1	0	64	0	128	0	0	0	128	0	0	0	0	0	0	0	0	0	0	0	0	
RADVC	1	0	0	0	0	0	128	0	0	0	0	0	0	0	0	0	0	0	0	0	0	0	0	
RADVC	2	1	1	0	64	0	128	0	0	0	128	0	0	0	0	0	0	0	0	0	0	0	0	
RADVC	2	1	1	0	64	0	128	64	0	0	128	0	0	0	0	0	0	0	0	0	0	0	0	
RADVC	2	1	1	0	16	0	128	0	0	0	128	0	0	0	0	0	0	0	0	64	0	0	0	
RADVC	2	1	1	0	16	0	128	0	0	0	128	0	0	0	0	0	0	0	0	64	0	0	0	
RADVC	2	1	1	248	122	248	128	0	0	0	128	0	0	128	0	0	0	0	0	64	0	0	0	
RADVC	2	1	1	0	64	0	128	96	0	0	128	0	0	0	0	0	0	0	0	64	0	0	0	
RADVC	2	1	1	0	64	0	128	0	0	0	128	0	0	0	0	0	0	0	0	0	0	0	0	
RADVC	2	1	1	0	64	0	128	0	0	0	128	0	0	0	0	0	0	0	0	0	0	0	0	
RADVC	2	1	1	0	64	0	128	0	0	0	128	0	0	0	0	0	0	0	0	0	0	0	0	
RADVC	2	1	1	0	64	0	128	0	0	0	128	0	0	0	0	0	0	0	0	0	0	0	0	
RADVC	2	1	1	0	64	0	128	0	0	0	128	0	0	0	0	0	0	0	0	0	0	0	0	
RSLADVC	2	1	1	0	18	0	128	0	0	0	128	0	0	0	0	0	0	0	0	0	0	0	0	
RSLADVC	2	1	1	248	122	248	128	0	0	0	128	0	0	0	0	0	0	0	128	0	0	0	0	
RSLADVC	2	1	1	0	16	0	128	0	0	0	128	0	0	0	0	0	0	0	128	0	0	0	0	
RSLADVC	2	1	1	248	122	248	128	32	0	0	128	0	0	0	0	0	0	0	128	0	0	0	0	
RSLADVC	2	1	1	248	122	248	128	0	0	0	128	0	0	0	0	0	0	0	128	0	0	0	0	
RSLADVC	2	1	1	248	122	248	128	0	0	0	128	0	0	0	0	0	0	0	0	0	0	0	0	
RSLADVC	2	1	1	248	122	248	192	0	0	0	128	0	0	0	0	0	0	0	128	0	0	0	0	
SS	1	0	0	0	0	0	128	0	0	0	0	0	0	0	0	0	0	0	0	0	0	0	0	
SS	1	0	0	0	0	0	128	0	0	0	0	0	0	0	0	0	0	0	0	0	0	0	0	
SS	1	0	0	0	0	0	128	0	0	0	0	0	0	0	0	0	0	0	0	0	0	0	0	
SS	1	0	0	0	0	0	128	0	0	0	0	0	0	0	0	0	0	0	0	0	0	0	0	
SS	1	0	0	0	0	0	128	0	0	0	0	0	0	0	0	0	0	0	0	0	0	0	0	
SS	1	0	0	0	0	0	128	0	0	0	0	0	0	0	0	0	0	0	0	0	0	0	0	
SS	1	0	0	0	0	0	128	0	0	0	0	0	0	0	0	0	0	0	0	0	0	0	0	
SS	1	0	0	0	0	0	128	0	0	0	0	0	0	0	0	0	0	0	0	0	0	0	0	
SS	1	0	0	0	0	0	128	32	0	0	0	0	0	0	0	0	0	0	0	0	0	0	0	
SS	1	0	0	0	0	0	128	0	0	0	0	0	0	0	0	0	0	0	0	0	0	0	0	
SS	1	0	0	0	0	0	128	0	0	0	0	0	0	0	0	0	0	0	0	0	0	0	0	
SS	1	0	0	0	0	0	128	32	0	0	0	0	0	0	0	0	0	0	0	0	0	0	0	
SS	1	0	0	0	0	0	128	0	0	0	0	0	0	0	0	0	0	0	0	0	0	0	0	
SS	1	0	0	0	0	0	128	0	0	0	0	0	0	0	0	0	0	0	0	0	0	0	0	
SC	1	1	1	188	0	188	128	0	0	0	128	0	0	0	0	0	0	0	0	0	0	0	0	
SC	1	1	1	184	122	184	128	128	0	0	128	0	0	0	0	0	0	0	0	0	0	0	0	
SC	1	1	1	184	122	184	128	0	0	0	128	0	0	0	0	0	0	0	0	0	0	0	0	
SC	2	1	1	184	122	184	128	0	0	0	128	0	0	0	0	0	0	0	0	0	0	0	0	
SC	1	1	0	0	0	0	128	0	0	0	128	0	0	0	0	0	0	0	0	0	0	0	0	
SC	2	1	1	176	0	176	128	0	0	0	128	0	0	0	0	0	0	0	0	0	0	0	0	
SC	1	1	1	176	0	176	128	0	0	0	128	0	0	0	0	0	0	0	0	0	0	0	0	
SC	1	1	1	160	0	160	128	0	0	0	128	0	0	0	0	0	0	0	0	0	0	0	0	
SC	1	1	1	190	0	190	128	0	0	0	128	0	0	0	0	0	0	0	0	0	0	0	0	
SC	1	1	1	190	0	190	128	0	0	0	128	0	0	0	0	0	0	0	0	0	0	0	0	
SC	1	1	1	190	0	190	128	0	0	0	128	0	0	0	0	0	0	0	0	0	0	0	0	
SC	1	1	1	61	0	61	128	0	0	0	128	0	0	0	0	0	0	0	0	0	128	0	0	
SC	1	1	1	176	0	176	128	0	0	0	128	0	0	0	0	0	0	0	0	0	128	0	0	
SC	2	1	0	0	0	0	128	0	0	0	128	0	0	0	0	0	0	0	0	0	0	0	0	
SC	2	1	0	0	0	0	128	0	0	0	128	0	0	0	0	0	0	0	0	0	0	0	0	
SC	1	1	1	160	0	160	128	32	0	0	128	0	0	0	0	0	0	0	0	0	0	0	0	
SC	1	1	1	176	0	176	128	0	0	0	128	0	0	0	0	0	0	0	0	0	0	0	0	
SC	2	1	1	248	122	248	192	0	0	0	128	0	0	0	0	0	0	0	0	0	0	0	0	
SC	2	1	1	248	122	248	192	0	0	0	0	0	0	0	0	0	0	0	0	0	0	0	0	
SC	2	1	1	248	122	248	192	0	0	0	128	0	0	0	0	0	0	0	0	0	0	0	0	
SC	2	1	1	240	0	240	128	0	0	0	128	0	0	0	0	0	0	0	0	0	0	0	0	
SC	2	1	1	248	122	248	192	0	0	0	128	0	0	0	0	0	0	0	0	0	0	0	0	
SC	1	1	1	184	122	184	128	0	0	0	128	0	0	0	0	0	0	0	0	0	0	0	0	
SC	1	1	1	184	122	184	128	0	0	0	128	0	0	0	0	0	0	0	0	0	0	0	0	
SC	1	1	1	184	122	184	128	0	0	0	128	0	0	0	0	0	0	0	0	0	0	0	0	
SC	2	1	1	184	122	184	128	0	0	0	128	0	0	0	0	0	0	0	0	0	0	0	0	
SC	1	1	1	176	0	176	128	0	0	0	128	0	0	0	0	0	0	0	0	0	0	0	0	
SC	1	1	1	176	0	176	128	0	0	0	128	0	0	0	0	0	0	0	0	0	0	0	0	
SC	2	1	1	61	0	61	128	0	0	0	128	0	0	0	0	0	0	0	0	0	0	0	0	
SC	1	1	1	190	0	190	128	0	0	0	128	0	0	0	0	0	0	0	0	0	0	0	0	
SC	1	0	0	0	0	0	128	0	0	0	0	0	0	0	0	0	0	0	0	0	0	0	0	
SC	1	1	1	190	0	190	128	0	0	0	128	0	0	0	0	0	0	0	0	0	0	0	0	
SC	1	0	0	0	0	0	128	0	0	0	0	0	0	0	0	0	0	0	0	0	0	0	0	
SC	2	1	1	252	0	252	128	0	0	0	128	0	0	0	0	0	0	0	0	0	0	0	0	
SC	2	1	1	248	122	248	192	0	0	128	128	0	0	0	0	0	0	0	0	0	0	0	0	
SC	2	1	1	248	122	248	192	0	0	0	128	0	0	0	0	0	0	0	0	0	0	0	0	
SC	2	1	1	240	0	240	192	0	0	0	128	0	0	0	0	0	0	0	0	0	0	0	0	
SC	2	1	1	248	122	248	192	0	0	0	128	0	0	0	0	0	0	0	0	0	0	0	0	
SC	2	1	1	248	122	248	192	0	0	0	128	0	0	0	0	0	0	0	0	0	0	0	0	
SC	2	1	1	240	0	240	192	32	0	0	128	0	0	0	0	0	0	0	0	0	0	0	0	
SC	2	1	1	240	0	240	128	0	0	0	128	0	0	0	0	0	0	0	0	0	0	0	0	
TADVC	2	1	1	2	0	2	128	0	0	0	128	0	0	0	0	0	0	0	0	64	0	0	0	
TADVC	2	1	0	0	0	0	128	0	0	0	128	16	0	0	0	0	0	0	0	64	0	0	0	
TADVC	2	0	0	0	0	0	128	0	0	0	0	16	0	0	0	0	0	0	0	64	0	0	0	
TADVC	2	1	1	254	0	254	128	0	0	0	128	8	0	0	0	0	0	0	0	0	0	0	0	
TADVC	2	1	1	254	0	254	128	0	0	0	128	8	0	0	0	0	0	0	0	0	0	0	0	
TADVC	2	1	1	254	0	254	128	0	0	0	128	8	0	0	0	0	0	0	0	0	0	0	0	
TADVC	3	1	1	254	0	254	128	0	0	0	128	8	0	0	0	0	0	0	0	0	0	0	0	
TADVC	2	1	1	2	0	2	128	0	0	0	128	0	0	0	0	0	0	0	0	0	0	0	0	
TADVC	2	1	1	0	64	0	128	0	0	0	128	128	0	0	0	0	0	0	0	0	0	0	0	
TADVC	2	1	1	0	64	0	128	0	0	0	128	128	0	0	0	0	0	0	0	0	0	0	0	
TADVC	2	1	1	254	0	254	128	0	0	0	128	8	0	0	0	0	0	0	0	0	0	0	0	
TADVC	3	1	1	254	0	254	128	0	0	0	128	8	0	0	0	0	0	0	0	0	0	0	0	
TADVC	2	1	1	0	0	0	128	0	0	0	128	0	0	0	0	0	0	0	0	0	0	0	0	
TADVC	2	1	1	254	0	254	128	32	0	0	128	8	0	0	0	0	0	0	0	0	0	0	0	
TADVC	2	1	1	130	0	130	128	32	0	0	128	0	0	0	0	0	0	0	0	0	0	0	0	
TADVC	2	1	1	254	0	254	128	0	0	0	128	8	0	0	0	0	0	0	128	0	0	0	0	
TADVC	3	1	1	0	0	0	128	32	0	0	128	0	0	0	0	0	0	0	0	64	0	0	0	
TADVC	2	1	1	254	0	254	128	0	0	0	128	8	0	0	0	0	0	0	128	0	0	0	0	
TADVC	2	1	1	254	0	254	128	0	0	0	128	8	0	0	0	0	0	0	0	0	0	0	0	
TADVC	2	1	1	254	0	254	128	0	0	0	128	8	0	0	0	0	0	0	0	0	0	0	0	
TADVC	2	1	0	0	0	0	128	0	0	0	128	16	0	0	0	0	0	0	0	64	0	0	0	
TADVC	2	1	1	0	4	0	128	0	0	0	128	32	0	0	0	0	64	0	0	0	0	0	0	
TADVC	2	1	1	254	0	254	128	0	0	0	128	0	0	0	0	0	0	0	0	0	0	0	0	
TADVC	2	1	1	254	0	254	128	0	0	0	128	8	0	0	0	0	0	0	0	0	0	0	0	
TADVC	2	1	1	254	0	254	128	0	0	0	128	8	0	0	0	0	0	0	0	0	0	0	0	
TADVC	2	1	1	190	0	190	128	0	0	0	128	0	0	0	0	0	0	0	0	64	0	0	0	
TADVC	2	1	1	190	0	190	128	0	0	0	128	0	0	0	0	0	0	0	0	64	0	0	0	
TADVC	2	1	1	190	0	190	128	0	0	0	128	0	0	0	0	0	0	0	0	64	0	0	0	
TADVC	2	1	1	190	0	190	128	0	0	0	128	0	0	0	0	0	0	0	0	64	0	0	0	
TADVC	3	1	1	2	0	2	128	0	0	0	128	0	0	0	0	0	0	0	0	64	0	0	0	
TADVC	2	1	1	130	0	130	128	0	0	0	128	0	0	0	0	0	0	0	0	64	0	0	0	
TADVC	2	1	1	2	0	2	128	0	0	0	128	0	0	0	0	0	0	0	0	0	0	0	0	
TADVC	2	1	1	254	0	254	128	0	0	0	128	8	0	0	0	0	0	0	0	0	0	0	0	
TADVC	2	1	1	254	0	254	128	0	0	0	128	8	0	0	0	0	0	0	0	0	0	0	0	
TADVC	2	1	1	254	0	254	128	0	0	0	128	8	0	0	0	0	0	0	0	0	0	0	0	
TADVC	2	1	1	130	0	130	128	0	0	0	128	0	0	0	0	0	0	0	0	64	0	0	0	
TADVC	2	1	1	254	0	254	128	0	0	0	128	8	0	0	0	0	0	0	0	0	0	0	0	
TADVC	2	1	1	254	0	254	128	32	0	0	128	8	0	0	0	0	0	0	0	0	0	0	0	
TADVC	2	1	1	254	0	254	128	0	0	0	128	8	0	0	0	0	0	0	0	0	0	0	0	
TADVC	2	1	1	2	0	2	128	0	0	0	128	0	0	0	0	0	0	0	0	0	0	0	0	
TADVC	2	1	1	4	13	4	128	0	0	0	128	64	0	0	0	0	128	0	0	0	0	0	0	
TADVC	2	1	1	2	0	2	128	0	0	0	128	0	0	0	0	0	0	0	0	0	0	0	0	
TADVC	2	0	0	0	0	0	128	0	0	0	0	0	0	0	0	0	0	0	0	0	0	0	0	
TADVC	2	1	1	2	0	2	128	0	0	0	128	0	0	0	0	0	0	0	0	0	0	0	0	
TADVC	2	1	1	2	0	2	128	0	0	0	128	0	0	0	0	0	0	0	0	0	0	0	0	
TADVC	1	1	1	4	13	4	128	0	0	0	128	0	0	0	0	0	0	0	0	0	0	0	0	
WADVC	2	1	1	125	0	125	128	0	0	0	128	0	0	0	0	0	0	0	0	0	0	0	0	
WADVC	2	0	0	0	0	0	128	0	0	0	0	0	0	0	0	0	0	0	0	64	0	0	0	
WADVC	1	1	1	125	0	125	128	0	0	0	128	0	128	0	0	0	0	0	0	0	0	0	0	
WADVC	1	1	1	125	0	125	128	0	0	0	128	0	128	0	0	0	0	0	0	0	0	0	0	
WADVC	2	1	1	65	0	65	128	0	0	0	128	0	0	0	0	0	0	0	0	0	0	0	0	
WADVC	2	1	1	125	0	125	128	32	0	0	128	0	128	0	0	0	0	0	0	0	0	0	0	
WADVC	1	1	1	65	0	65	128	0	0	0	128	0	0	0	0	0	0	0	0	0	0	0	0	
WADVC	2	1	1	125	0	125	128	0	0	0	128	0	128	0	0	0	0	0	0	0	0	0	0	
WADVC	2	1	1	125	0	125	128	0	0	0	128	0	128	0	0	0	0	0	0	0	0	0	0	
WADVC	2	1	1	125	0	125	128	0	0	0	128	0	128	0	0	0	0	0	0	0	0	0	0	
WADVC	2	1	1	125	0	125	128	0	0	0	128	0	128	0	0	0	0	0	0	0	0	0	0	
WADVC	2	1	1	125	0	125	128	0	0	0	128	0	128	0	0	0	0	0	0	0	0	0	0	
WADVC	2	1	1	125	0	125	128	0	0	0	128	0	0	0	0	0	0	0	0	0	0	0	0	
WADVC	2	1	1	125	0	125	128	0	0	0	144	0	128	0	0	0	0	0	0	64	0	0	0	
WADVC	2	1	1	61	0	61	128	0	0	0	128	0	0	0	0	0	0	0	0	0	0	0	0	
WADVC	2	1	1	61	0	61	128	0	0	0	128	0	0	0	0	0	0	0	0	64	0	0	0	
WADVC	2	1	1	61	0	61	128	0	0	0	128	0	0	0	0	0	0	0	0	64	0	0	0	
WADVC	2	1	1	61	0	61	128	0	0	0	128	0	0	0	0	0	0	0	0	64	0	0	0	
WADVC	2	1	0	0	0	0	128	0	0	0	128	0	0	0	0	0	0	0	0	0	0	0	0	
WADVC	3	1	1	4	13	4	128	0	0	0	128	0	0	0	0	0	128	0	0	64	0	0	0	
WADVC	3	1	1	125	0	125	128	0	0	0	128	0	128	0	0	0	0	0	0	0	0	0	0	
WADVC	2	1	0	0	0	0	128	0	0	0	128	0	0	0	0	0	0	0	0	0	0	0	0	
WADVC	2	1	1	125	0	125	128	0	0	0	128	0	128	0	0	0	0	0	0	0	0	0	0	
WADVC	2	1	1	125	0	125	128	0	0	0	128	0	128	0	0	0	0	0	0	0	0	0	0	
WADVC	2	1	1	125	0	125	128	0	0	0	128	0	128	0	0	0	0	0	0	0	0	0	0	
WADVC	2	1	1	61	0	61	128	0	0	0	128	0	0	0	0	0	0	0	0	64	0	0	0	
WADVC	2	0	0	0	0	0	128	0	0	0	0	0	0	0	0	0	0	0	0	64	0	0	0	
